+256706485981
+256765739827
+256707055940
+256780184213
+256759603194
+16493445273
+971522108634
+256754222177
+256701548170
+50955663552
+256760050349
+256758132649
+256759045871
+256740228625
+256742521133
+256784133716
+18293290947
+256765683375
+18098012665
+256775658547
+256708460203
+14078073657
+256708961898
+256757085081
+256758116165
+256752588170
+256754572521
+256772003091
+256752437088
+256741259317
+256751993033
+260772850791
+256705894903
+256702455987
+256761589344
+256706521061
+256741130506
+256743526139
+256743942965
+256708259076
+256761612337
+256759621284
+256701027109
+256727993571
+260763467080
+255694195629
+18296964383
+256700243937












